--------partition0-------
1e-05
[ 1.19661172e-01 -8.10671072e+00 -8.45973940e-01  9.83410380e-02
 -3.30959894e+00  8.86665544e-03 -7.06621560e-03 -7.70712213e+00
  5.19953730e-01  3.38251878e+00  1.42692977e+00 -9.32662885e+00]
0.3825661341943746
error 18.77729258 for function with lambda 0.000010 


--------partition1-------
0.0001
[ 1.03373712e-01 -7.54341751e+00 -5.88889965e-01  9.67295824e-02
 -1.90556964e+00  7.75569037e-03 -6.01165443e-03 -1.34279224e-01
  6.00786200e-01  2.89551691e+00  1.42259551e+00 -1.71466711e+01]
0.38549935312774686
error 17.46724891 for function with lambda 0.000100 


--------partition2-------
0.0002
[ 1.09081553e-01 -6.97793615e+00 -4.73791705e-01  9.19556506e-02
 -1.02457762e+00  9.76269064e-03 -6.14889974e-03 -9.86157529e-02
  3.48011915e-01  2.60998007e+00  1.43051780e+00 -1.66105356e+01]
0.38737765448673506
error 14.84716157 for function with lambda 0.000200 


--------partition3-------
0.0004
[ 6.28082448e-02 -6.46787795e+00 -2.99714435e-01  9.37943550e-02
 -7.50594874e-01  8.49124374e-03 -6.26167502e-03 -5.22936082e-02
  7.70125717e-02  2.42685890e+00  1.38807817e+00 -1.50644368e+01]
0.39069793109563633
error 14.41048035 for function with lambda 0.000400 


--------partition4-------
0.0006
[ 5.77845529e-02 -5.79326708e+00 -1.38469203e-01  8.84175508e-02
 -6.21056789e-01  8.50892453e-03 -5.73697230e-03 -3.99211578e-02
 -1.53055780e-02  2.14702432e+00  1.38634148e+00 -1.48717824e+01]
0.3911528237598085
error 20.96069869 for function with lambda 0.000600 


--------partition5-------
0.001
[ 4.79446425e-02 -4.82530954e+00  1.26462324e-01  8.08709758e-02
 -3.98291538e-01  9.33103804e-03 -4.94253895e-03 -2.79697064e-02
  1.70535156e-01  1.75016276e+00  1.32978372e+00 -1.50618559e+01]
0.4063140226993206
error 18.34061135 for function with lambda 0.001000 


--------partition6-------
0.004
[ 1.64788264e-02 -2.45959017e+00  4.55203000e-01  7.22235311e-02
 -1.64856391e-01  1.26750123e-02 -4.49947664e-03 -1.13301807e-02
  3.72243424e-03  8.02545015e-01  1.27435610e+00 -1.42202004e+01]
0.42754054683714937
error 20.52401747 for function with lambda 0.004000 


--------partition7-------
0.01
[-2.18187421e-02 -1.28415541e+00  3.42872991e-01  6.14058926e-02
 -7.48336524e-02  1.36119749e-02 -3.68740348e-03 -6.31051776e-03
 -3.71122412e-02  4.11982612e-01  1.22115912e+00 -1.34640916e+01]
0.4440677694687135
error 15.72052402 for function with lambda 0.010000 